676 503
682 503
690 504
703 507
719 512
732 515
734 516
748 522
763 528
777 536
791 545
806 556
820 567
836 581
859 607
884 635
905 658
928 683
953 708
981 736
1008 763
1038 797
1065 829
1099 859
1102 863
1125 884
1130 888
1157 907
1177 921
1193 932
1213 944
1237 956
1258 964
1292 972
1320 977
1348 978
1375 978
1396 977
1399 976
1418 968
1432 960
1444 950
1459 934
1469 920
1481 903
1490 888
1491 886
1499 872
1508 854
1510 852
1517 837
1525 820
1531 800
1536 783
1537 769
1539 757
1539 756
1540 746
1541 733
1541 721
1541 710
1541 693
1541 680
1541 666
1541 665
1541 652
1541 640
1539 625
1537 614
1535 601
1532 588
1527 575
1522 559
1516 542
1507 525
1506 523
1499 510
1492 498
1492 497
1485 483
1478 473
1473 464
1466 453
1461 445
1460 444
1453 431
1445 417
1435 402
1427 390
1417 376
1407 363
1398 352
1389 341
1378 329
1370 321
1363 315
1362 315
1355 310
1349 306
1348 305
1342 301
1337 297
1336 296
1328 292
1321 288
1312 283
1311 282
1301 278
1291 273
1280 269
1279 269
1264 265
1248 261
1229 256
1226 255
1194 248
1164 242
1135 238
1111 233
1082 230
1061 226
1037 221
1019 219
998 217
978 216
959 216
937 216
917 216
890 216
862 215
824 215
787 213
735 210
689 208
683 208
632 207
589 206
543 206
505 205
463 205
432 205
397 208
369 215
343 228
315 241
286 263
260 285
235 308
210 337
180 374
154 414
132 457
117 499
103 548
101 555
94 591
93 597
88 635
87 641
87 670
89 704
98 742
111 775
132 813
152 837
156 841
177 857
200 871
219 878
236 879
237 879
248 879
249 879
260 879
279 875
298 871
322 865
343 857
361 851
383 838
396 827
410 813
411 812
423 798
433 781
445 760
458 733
468 711
469 709
475 692
483 671
488 658
493 646
494 645
498 636
503 627
504 625
509 616
514 605
520 596
525 588
530 583
534 577
538 574
543 570
547 566
551 562
552 562
556 559
560 556
566 552
571 549
577 544
583 541
589 537
594 535
599 531
603 528
607 526
613 523
617 521
626 517
631 515
636 514
637 513
643 511
650 509
655 508
661 506
667 505
673 505
678 505
683 505
689 505
696 506
705 507
714 511
722 513
729 514
737 517
743 520
751 522
758 525
765 528
773 533
774 534
782 539
792 545
804 552
817 560
829 568
840 577
851 586
853 588
863 599
874 613
888 630
903 646
914 660
926 676
928 678
941 693
960 716
984 746
1006 769
1022 789
1045 812
1069 836
1089 857
1113 882
1130 899
1147 919
1162 935
1182 958
1187 962
1211 983
1234 997
1254 1002
1271 1007
1289 1010
1303 1013
1317 1013
1319 1013
1333 1012
1348 1007
1364 1000
1366 999
1384 988
1407 974
1426 960
1440 948
1442 946
1461 928
1479 905
1489 887
1502 861
1508 842
1509 839
1513 810
1514 784
1514 751
1513 725
1504 682
1493 643
1477 592
1466 551
1452 511
1450 506
1438 478
1425 449
1412 427
1404 413
1391 399
1369 376
1344 354
1315 332
1277 311
1235 290
1178 270
1135 257
1093 243
1050 236
1017 231
979 231
953 231
930 231
904 231
880 231
851 231
825 231
800 231
773 231
770 231
744 231
715 231
687 231
683 231
656 231
625 231
601 230
577 230
556 230
535 230
515 230
500 230
483 230
468 230
454 230
437 231
424 235
411 237
399 242
385 247
383 248
368 254
366 255
352 260
335 268
320 275
302 287
284 300
261 321
237 345
209 375
183 406
154 444
130 484
109 523
96 554
82 598
75 629
68 659
63 683
61 703
61 727
62 749
67 770
74 794
76 796
86 819
99 835
109 845
125 856
137 862
153 869
166 876
168 876
183 878
194 880
210 880
222 880
239 878
256 875
275 871
294 867
312 861
330 854
348 847
363 838
375 829
386 819
395 809
408 793
417 780
429 763
441 745
452 730
454 727
465 712
475 697
483 688
492 677
498 669
503 663
509 656
511 654
518 645
526 636
528 635
534 628
541 619
548 612
553 605
560 597
561 596
566 588
574 578
581 569
585 563
591 555
596 548
602 541
607 536
611 531
618 525
622 520
631 512
639 505
647 499
654 495
662 490
667 487
672 485
679 484
685 484
689 482
694 482
698 482
701 483
705 484
709 485
717 488
723 490
733 494
735 495
745 499
758 506
770 511
785 516
797 519
808 524
821 531
831 537
841 543
842 544
852 556
864 576
879 598
897 627
923 668
942 698
964 727
987 761
1012 796
1036 830
1067 868
1070 873
1101 907
1139 946
1164 971
1191 992
1211 1009
1237 1026
1257 1039
1278 1050
1300 1058
1318 1063
1337 1063
1356 1060
1371 1049
1374 1047
1387 1029
1402 1006
1414 973
1425 934
1434 889
1444 839
1452 793
1456 754
1457 723
1457 688
1457 650
1457 618
1454 589
1448 557
1442 528
1441 523
1431 493
1419 463
1403 430
1400 425
1386 404
1365 375
1342 351
1320 329
1294 311
1263 294
1231 280
1186 265
1148 249
1098 238
1048 226
1042 225
989 213
937 208
931 208
876 200
832 196
779 195
743 194
701 194
673 194
641 194
617 200
595 204
571 210
549 217
524 228
521 230
499 237
475 243
451 249
429 257
410 262
390 269
387 270
373 276
371 277
353 286
338 296
336 298
323 308
308 320
299 328
293 333
282 344
271 355
260 366
249 378
234 395
221 410
206 426
195 439
193 442
183 456
173 472
156 507
143 540
141 543
133 567
122 602
114 631
108 662
105 703
104 735
104 760
104 784
108 801
114 821
121 834
130 847
141 856
150 860
160 865
167 868
175 869
183 869
185 869
194 868
196 867
209 859
230 845
249 830
269 815
285 802
299 788
312 775
326 763
337 753
348 744
359 736
370 729
378 723
387 716
398 709
409 703
423 692
434 684
448 672
460 661
473 651
474 650
483 642
485 641
494 632
504 622
512 613
523 602
532 593
540 585
550 575
557 569
565 561
571 556
577 552
583 546
588 542
594 538
599 535
604 532
611 528
619 523
625 519
629 517
634 514
636 513
640 512
645 511
649 509
654 508
659 507
663 507
669 505
674 505
678 505
682 505
686 505
690 505
696 505
701 505
706 505
711 505
712 505
717 505
723 505
724 505
732 506
733 506
747 508
765 511
786 516
810 522
843 528
875 531
916 535
958 536
992 537
1031 537
1056 537
1078 532
1094 529
1105 523
1116 515
1126 502
1136 488
1142 475
1147 464
1149 454
1149 444
1149 434
1147 426
1142 416
1134 406
1127 397
1116 388
1105 381
1103 381
1092 375
1076 370
1063 366
1049 364
1047 363
1033 362
1019 361
1004 359
991 359
977 360
963 364
937 371
919 377
895 385
884 389
866 395
849 401
834 406
822 413
809 419
799 426
789 433
788 433
781 438
773 442
766 446
758 451
749 456
741 462
730 469
729 469
719 476
711 481
705 486
698 490
690 495
683 499
683 500
677 504
669 509
663 511
657 514
649 518
639 521
628 525
615 530
612 531
599 534
597 535
585 537
583 537
568 538
554 538
537 538
520 538
501 537
482 535
480 534
460 529
444 525
428 519
416 514
404 508
395 502
384 491
378 483
374 476
372 466
371 457
371 456
371 446
371 444
375 431
376 428
380 419
387 406
394 396
401 387
407 382
411 379
414 376
418 375
421 374
424 373
426 373
429 373
433 373
437 373
443 373
449 375
454 376
460 378
468 381
475 384
482 387
488 389
494 391
495 392
499 394
505 396
511 399
517 402
522 406
523 406
529 410
535 414
537 415
544 420
553 425
561 429
572 436
585 443
595 449
596 450
605 455
607 455
615 461
625 465
634 470
645 475
653 480
659 484
666 488
672 492
679 495
686 497
693 501
701 504
707 507
708 507
714 509
721 512
727 514
734 516
738 518
744 520
749 521
757 523
758 524
766 527
774 531
782 534
788 536
795 538
803 540
812 543
819 547
831 553
840 559
851 566
862 572
877 582
886 590
900 598
911 607
921 616
929 624
937 634
946 645
954 657
961 668
970 681
978 693
985 704
994 719
1002 734
1010 747
1018 763
1027 778
1036 797
1046 819
1058 841
1072 865
1074 867
1087 884
1099 900
1115 921
1132 942
1155 965
1157 968
1174 984
1177 986
1194 1002
1212 1014
1231 1026
1251 1035
1269 1042
1291 1049
1311 1055
1313 1055
1332 1057
1350 1057
1352 1057
1370 1049
1392 1028
1414 1000
1430 973
1440 953
1453 930
1467 905
1478 882
1489 852
1496 823
1503 792
1504 760
1504 733
1504 703
1501 673
1494 642
1488 617
1478 588
1470 565
1461 540
1449 516
1439 496
1427 476
1417 459
1403 437
1393 420
1382 402
1369 384
1358 369
1344 353
1330 340
1317 330
1301 318
1282 308
1261 299
1231 285
1199 273
1154 257
1110 244
1063 230
1015 214
1008 212
968 201
923 193
880 190
843 187
812 187
787 187
761 187
739 187
713 187
684 187
656 187
623 187
591 191
556 198
515 206
487 211
462 215
440 219
414 223
393 227
373 231
355 235
342 238
340 239
323 244
310 251
294 261
279 277
262 293
244 316
232 335
218 356
201 383
188 409
173 439
162 460
161 463
150 488
138 514
131 535
124 558
119 572
117 588
117 602
117 603
117 616
117 631
117 646
121 665
124 681
130 697
137 718
145 736
152 750
157 757
160 762
161 763
166 771
171 778
176 784
181 791
185 794
189 798
194 802
199 806
200 806
209 812
221 818
235 822
249 827
263 832
273 835
283 838
291 840
297 840
301 840
303 840
307 840
311 839
315 839
321 837
326 836
327 836
332 834
337 833
342 832
348 831
354 829
360 828
364 826
369 824
375 822
381 819
391 811
398 808
406 803
414 798
420 795
424 792
428 789
433 785
437 783
440 779
441 779
443 775
448 768
452 763
454 760
458 755
461 749
464 745
467 740
468 736
470 732
472 727
475 723
477 719
479 714
481 709
481 708
483 705
486 696
487 692
490 687
490 686
491 681
492 677
495 671
498 666
499 662
502 657
504 653
505 649
508 644
510 640
510 639
513 635
516 630
519 626
522 621
524 618
525 617
528 614
531 610
534 606
538 602
540 600
543 596
546 593
549 591
554 588
558 583
564 579
569 574
573 570
578 566
583 562
587 558
591 554
596 550
599 547
603 544
606 542
609 540
611 538
614 537
615 535
618 533
620 532
622 530
624 529
626 528
628 527
631 525
633 524
635 522
638 520
640 518
644 516
647 514
650 512
652 511
656 508
659 507
662 505
663 505
665 503
668 501
671 499
674 497
677 496
680 495
682 492
685 491
688 490
690 489
692 487
694 487
696 486
697 484
699 484
701 484
702 483
703 483
705 482
706 482
707 481
709 481
711 481
712 481
713 481
714 481
715 481
717 481
718 481
720 481
722 481
723 481
726 481
729 481
731 481
734 481
736 481
739 481
742 481
745 482
748 482
752 483
755 484
761 486
767 487
773 490
778 491
787 496
789 497
798 502
811 508
819 512
825 515
836 521
845 525
852 530
860 534
866 539
873 543
878 546
885 552
892 558
899 563
906 570
913 577
919 583
925 590
928 594
932 599
932 600
935 604
937 607
939 611
940 615
942 615
942 618
943 622
943 626
944 630
944 631
946 637
948 644
949 652
952 663
956 675
959 687
960 688
964 701
969 712
975 725
979 735
983 744
983 745
990 760
991 761
999 781
1009 802
1021 829
1033 851
1048 876
1063 894
1078 914
1098 935
1117 954
1146 979
1169 996
1195 1013
1216 1025
1237 1035
1254 1041
1272 1044
1283 1044
1298 1043
1311 1038
1327 1030
1345 1018
1362 1006
1378 994
1394 979
1411 963
1423 947
1433 929
1446 907
1453 889
1454 887
1461 870
1466 853
1473 827
1476 807
1476 804
1477 786
1478 761
1478 734
1478 703
1475 679
1470 654
1464 629
1459 608
1458 605
1451 585
1441 564
1431 544
1418 519
1407 500
1399 484
1389 468
1383 457
1375 445
1368 432
1360 419
1346 400
1335 386
1320 367
1305 352
1287 334
1283 331
1264 315
1237 294
1217 280
1189 262
1166 250
1163 248
1138 237
1113 228
1091 222
1088 222
1067 216
1043 211
1022 209
998 205
974 199
947 197
909 193
876 192
835 191
792 190
751 190
703 190
658 190
603 195
548 203
495 216
445 230
406 243
376 249
346 256
327 262
310 269
298 274
286 281
272 291
260 299
251 308
239 317
231 325
219 337
207 350
193 365
183 377
173 390
159 406
150 419
137 436
120 461
117 464
91 501
77 525
65 548
54 572
47 597
41 622
36 643
36 667
36 684
36 701
40 717
44 730
49 742
55 752
63 759
73 768
84 778
95 786
107 792
116 797
127 803
138 809
152 815
168 822
182 825
197 827
213 828
215 828
230 828
252 828
267 828
289 825
307 821
322 817
339 811
358 803
370 798
378 794
389 784
390 783
400 773
410 762
419 751
426 744
430 739
444 726
445 724
457 709
459 707
468 697
485 677
497 663
512 648
513 647
523 636
524 634
536 620
546 608
557 598
565 589
574 580
583 571
594 561
604 551
614 542
623 534
632 526
638 521
645 515
646 514
652 508
659 503
664 499
669 495
674 492
679 488
684 486
687 483
691 481
694 480
696 480
698 480
700 480
703 480
706 480
709 480
712 480
718 481
722 482
724 482
730 484
740 488
748 492
758 496
772 504
784 511
795 519
810 530
820 543
829 558
844 585
857 615
869 651
870 655
877 685
880 723
880 756
880 781
880 784
879 805
875 823
869 837
863 846
853 856
853 857
844 862
842 864
831 869
830 869
814 875
796 878
777 881
774 881
753 884
732 887
709 889
685 890
665 890
646 890
631 890
618 890
608 889
598 887
591 885
583 881
573 875
560 865
548 854
534 841
526 832
519 822
514 811
510 802
508 786
506 775
505 765
504 755
504 746
504 736
504 729
504 716
506 706
508 694
510 684
512 675
514 666
517 658
520 651
520 649
523 643
526 635
529 629
531 624
533 619
536 616
538 611
539 608
541 604
543 601
545 597
547 594
549 590
551 587
553 584
554 581
555 579
557 576
558 574
560 571
562 568
564 566
566 563
568 560
571 556
573 554
575 552
575 551
578 548
581 544
582 544
585 540
588 537
591 535
594 532
596 530
597 529
599 527
602 525
605 521
608 519
612 517
614 514
618 512
621 510
626 507
629 507
633 504
639 502
646 500
654 497
663 495
671 493
678 492
684 491
692 490
698 490
706 490
712 490
718 490
724 490
729 490
733 490
737 491
741 493
746 493
751 495
755 497
760 499
765 501
769 503
773 505
777 507
780 509
783 512
784 512
787 516
793 523
800 533
809 545
817 557
824 568
830 578
837 589
841 601
847 616
851 629
857 652
860 668
865 694
870 723
874 746
876 770
877 794
877 815
875 841
870 866
861 895
851 920
841 943
830 961
828 963
818 976
809 987
797 997
788 1002
780 1006
775 1007
769 1009
764 1010
759 1011
754 1011
748 1011
743 1010
739 1009
734 1008
731 1006
727 1004
723 1002
720 1000
719 1000
718 998
718 997
717 996
716 994
716 999
716 1011
716 1022
716 1041
716 1068
716 1109
716 1151
716 1189
716 1214
716 1233
716 1239
716 1240
716 1241
716 1239
716 1228
716 1213
716 1189
716 1159
716 1129
716 1098
716 1070
716 1049
716 1029
716 1017
716 1011
716 1008
716 1007
717 1007
720 1009
728 1021
739 1034
759 1062
779 1085
782 1088
805 1117
825 1144
835 1165
840 1184
840 1203
837 1212
834 1218
829 1222
822 1225
814 1228
805 1231
793 1234
782 1235
770 1236
762 1236
754 1235
746 1230
738 1227
731 1223
729 1222
732 1222
737 1224
739 1225
748 1228
761 1228
776 1228
798 1228
801 1228
824 1228
842 1228
851 1228
853 1228
853 1225
854 1220
855 1210
858 1197
860 1182
864 1166
872 1153
884 1143
895 1137
903 1136
911 1136
912 1136
920 1136
928 1142
933 1152
935 1162
935 1173
932 1186
924 1197
916 1204
904 1208
892 1212
883 1215
879 1215
874 1215
871 1212
869 1208
868 1199
868 1187
876 1164
889 1148
901 1137
915 1125
916 1124
928 1116
935 1116
939 1116
942 1116
945 1120
953 1130
965 1147
971 1158
975 1168
977 1178
977 1183
977 1188
977 1191
977 1190
981 1179
985 1168
995 1145
1008 1123
1027 1099
1042 1086
1052 1080
1053 1080
1054 1080
1056 1084
1060 1098
1065 1117
1069 1136
1073 1150
1077 1164
1081 1170
1086 1173
1088 1173
1093 1170
1106 1163
1119 1154
1138 1142
1158 1125
1170 1111
1176 1093
1176 1084
1173 1080
1170 1077
1168 1077
1164 1081
1158 1092
1149 1106
1137 1124
1128 1139
1125 1149
1124 1157
1132 1168
1142 1172
1155 1173
1170 1173
1193 1171
1213 1164
1230 1158
1232 1157
1245 1150
1250 1146
1253 1143
1254 1142
1254 1141
