1124 357
1133 366
1149 386
1163 402
1174 415
1184 428
1192 438
1201 450
1208 464
1215 478
1215 479
1224 496
1229 512
1233 529
1233 530
1237 547
1240 563
1240 564
1242 582
1242 599
1242 613
1242 627
1241 638
1238 649
1231 665
1222 674
1209 682
1199 687
1199 688
1189 689
1188 689
1169 687
1143 678
1106 662
1060 630
1058 629
1000 578
956 531
908 471
863 421
816 377
763 340
762 339
718 317
717 316
698 311
697 311
685 316
663 331
651 349
650 350
649 368
679 411
732 471
780 531
818 611
840 711
850 806
852 878
839 931
814 960
767 974
701 974
647 958
555 896
427 766
323 630
263 526
262 523
221 429
211 345
228 262
272 186
316 138
360 118
456 106
595 103
687 103
771 110
835 126
877 147
919 173
952 192
968 203
969 203
985 214
1004 229
1022 246
1039 263
1058 283
1080 301
1101 319
1122 336
1144 352
1175 379
1212 411
1213 412
1267 465
1316 536
1356 617
1375 689
1378 740
1367 780
1338 812
1285 839
1229 827
1096 738
976 652
924 604
865 571
779 586
775 588
585 664
377 790
371 794
229 899
203 900
186 810
197 685
239 581
240 579
278 522
321 496
429 475
434 474
627 467
755 467
869 487
1041 507
1145 511
1182 509
1208 506
1212 501
1212 490
1209 473
1201 458
1186 440
1165 415
1122 372
1120 371
1079 336
1024 286
954 237
878 187
804 154
736 131
683 121
682 121
620 125
582 149
565 210
574 241
603 263
647 274
705 281
708 281
767 281
831 277
883 277
918 278
944 281
967 288
990 292
1016 302
1041 312
1065 321
1093 332
1121 343
1147 356
1181 373
1217 394
1257 419
1301 451
1302 453
1334 488
1351 546
1352 548
1358 628
1350 719
1318 798
1279 835
1212 847
1079 847
974 839
882 818
752 791
621 759
483 710
358 654
291 594
248 497
224 421
226 364
264 311
318 284
463 270
592 268
679 260
755 229
871 173
996 113
1069 101
1072 101
1111 108
1129 124
1135 154
1129 187
1121 217
1121 218
1114 253
1113 276
1117 297
1129 320
1143 337
1156 355
1184 397
1229 462
1281 544
1310 610
1313 675
1307 754
1293 803
1292 803
1265 823
1189 835
1186 835
1079 838
1076 838
978 845
878 874
820 908
802 924
791 926
765 884
772 808
812 762
871 725
873 724
956 686
1073 633
1219 568
1343 517
1436 472
1470 435
1488 391
1493 335
1484 268
1484 267
1449 191
1395 123
1335 90
1257 80
1180 102
1149 146
1134 185
1127 223
1122 264
1121 295
1124 323
1127 357
1134 397
1150 438
1170 472
1191 500
1219 533
1244 561
1275 582
1334 611
1391 624
1392 624
1446 574
1476 471
1462 336
1419 239
1348 156
1270 111
1148 91
1005 107
951 142
932 184
928 232
943 262
967 291
993 307
1028 320
1065 333
1115 351
1162 365
1194 386
1221 431
1230 496
1218 541
1175 565
1074 575
1070 575
972 575
920 570
868 557
793 535
742 514
707 492
664 463
624 437
590 408
560 377
558 376
516 353
475 342
425 337
374 345
339 372
322 404
319 437
323 473
335 500
358 521
399 542
453 549
496 549
538 532
539 530
569 494
585 439
597 385
611 333
632 290
660 256
661 256
687 237
719 227
767 223
835 223
888 233
925 242
951 251
978 264
1009 284
1032 303
1052 319
1067 331
1083 343
1085 343
1106 357
1126 370
1148 386
1193 417
1232 448
1262 482
1263 483
1281 514
1290 544
1290 586
1277 626
1254 655
1219 678
1157 689
1076 689
1073 689
950 672
947 671
800 614
688 555
606 481
552 398
543 306
549 231
570 178
602 134
656 89
702 59
739 49
797 49
875 60
925 74
949 95
980 137
1011 179
1042 227
1069 277
1088 306
1106 331
1122 348
1135 362
1153 379
1154 380
1176 404
1194 431
1199 473
1197 503
1182 526
1144 544
1142 544
1070 550
982 548
899 527
814 508
728 505
726 505
643 511
640 512
564 534
561 535
451 550
447 550
369 541
347 532
325 510
306 473
304 420
305 418
317 361
343 307
373 264
417 213
417 212
445 165
448 121
447 119
439 88
439 70
477 58
579 53
699 57
721 78
716 117
686 176
644 240
597 308
556 377
514 442
470 513
429 595
400 656
391 732
399 834
442 896
533 951
652 986
786 1004
930 985
935 984
1049 936
1115 870
1150 792
1182 721
1203 673
1218 639
1236 599
1255 563
1256 562
1272 531
1276 508
1275 483
1265 463
1250 447
1227 428
1203 411
1180 394
1158 379
1140 367
1127 358
1120 355
1113 348
1084 327
1037 292
986 260
927 229
858 202
802 192
764 187
732 187
707 190
689 204
670 226
670 227
656 249
656 250
649 270
646 290
646 314
646 315
651 339
659 370
660 371
674 401
675 402
703 441
736 461
765 472
795 474
796 474
828 471
859 456
897 432
922 416
922 415
947 399
973 384
1003 370
1024 364
1038 362
1039 362
1054 362
1068 362
1069 362
1085 363
1097 367
1111 373
1142 390
1182 413
1216 437
1251 464
1252 465
1291 496
1334 531
1388 568
1436 602
1470 625
1496 645
1517 669
1545 702
1577 740
1592 764
1598 781
1599 782
1601 785
