814 586
849 662
943 813
1021 923
1054 976
1077 1016
1098 1042
1118 1067
1145 1089
1146 1090
1181 1105
1252 1109
1329 1107
1331 1107
1391 1089
1437 1062
1473 1024
1508 973
1536 905
1555 827
1560 737
1560 644
1549 569
1536 502
1526 454
1513 413
1501 389
1486 366
1467 342
1442 318
1413 290
1385 267
1360 249
1341 236
1318 225
1301 218
1281 214
1249 211
1177 234
1085 295
1081 297
989 372
945 416
909 461
888 487
870 510
852 534
822 574
766 627
689 682
583 732
461 757
329 765
223 765
133 756
78 695
95 552
97 547
224 305
247 289
267 283
285 282
298 282
328 280
330 280
379 280
427 282
464 291
515 307
584 341
642 379
687 408
726 453
767 510
793 549
803 568
814 588
840 642
861 709
889 808
890 811
906 857
906 859
