782 729
772 738
757 753
756 754
741 767
724 782
706 794
685 809
660 829
631 852
600 880
573 902
551 920
533 931
515 938
490 943
489 943
462 945
442 945
426 945
407 941
380 937
362 934
350 930
334 923
322 914
313 904
306 892
306 891
301 877
296 861
295 847
295 834
295 822
297 812
300 800
305 784
312 769
320 754
332 732
345 714
356 699
368 684
380 668
395 647
396 646
413 623
431 600
448 578
466 557
484 535
484 534
500 513
520 489
538 467
553 448
580 418
608 392
609 390
632 373
652 357
670 346
690 335
711 324
713 323
734 314
754 307
774 299
801 289
825 281
853 273
879 270
900 268
917 268
929 270
937 271
945 273
957 276
958 276
974 280
986 282
995 287
996 288
1009 291
1019 296
1029 303
1037 314
1040 323
1044 332
1048 339
1048 340
1051 349
1053 361
1054 372
1055 383
1055 395
1055 402
1055 411
1055 421
1049 434
1043 448
1036 460
1027 472
1027 473
1017 483
1008 494
999 503
988 514
974 530
962 542
950 554
939 565
928 573
928 574
918 582
908 590
895 600
882 611
864 625
847 638
834 650
825 659
825 660
816 669
807 677
806 678
798 686
789 695
781 704
772 713
764 721
756 729
750 736
741 744
731 754
720 765
709 774
684 793
683 793
667 804
653 813
652 813
636 823
618 832
604 839
603 839
588 847
571 854
551 862
529 870
512 877
489 884
462 891
461 891
433 893
405 893
404 893
374 893
355 892
342 890
329 884
320 875
314 863
312 849
312 838
312 837
312 826
316 813
322 798
329 782
337 767
344 750
353 732
362 715
371 701
382 685
401 659
401 658
418 634
424 619
425 603
420 576
408 546
401 518
399 494
408 480
416 474
425 473
438 475
439 475
460 487
486 499
517 511
536 514
543 514
555 502
560 490
560 489
561 468
558 446
549 425
541 399
543 376
553 362
563 356
576 357
594 369
609 390
624 410
639 415
651 415
652 415
671 400
686 374
686 373
687 371
690 341
686 308
681 281
684 260
692 252
704 252
736 257
752 269
755 289
755 290
757 320
768 340
781 344
803 333
825 302
825 301
835 282
835 281
838 262
842 245
848 228
859 218
872 217
887 219
900 231
903 246
900 264
889 285
885 302
894 325
919 333
919 334
950 335
951 335
999 323
1026 309
1045 305
1078 307
1104 321
1104 322
1111 342
1101 369
1083 388
1064 396
1041 399
1016 399
997 403
996 404
983 417
980 434
982 453
996 473
1014 487
1031 497
1032 524
1029 543
1017 549
989 552
963 547
949 539
935 534
922 536
909 544
903 550
902 567
909 584
920 596
933 604
934 605
938 615
934 630
918 645
903 653
894 655
884 655
874 655
861 654
850 652
839 652
834 652
830 652
825 652
818 652
813 654
809 659
808 663
808 669
809 674
809 680
809 684
811 688
811 692
811 697
811 703
810 707
808 713
806 719
804 726
800 731
795 738
789 745
784 750
778 756
767 762
755 768
744 771
736 772
722 773
709 773
688 772
662 771
640 771
639 771
620 773
600 778
584 786
572 799
560 816
552 832
543 849
530 878
530 879
517 908
516 909
496 944
476 965
445 974
385 970
326 948
284 908
275 871
278 832
292 796
312 760
333 742
362 721
363 720
393 701
421 679
440 661
454 647
460 640
460 639
